five_prime_offset	nucleotide	treated_mods	untreated_mods
0	*	20392	63919
1	G	1675	5250
2	G	609	1915
3	C	112	476
4	C	1235	3502
5	T	3264	7212
6	T	312	638
7	C	286	223
8	G	220	379
9	G	562	1907
10	G	10192	34015
11	C	22245	118071
12	C	11077	62720
13	A	5467	5819
14	A	9714	10823
15	A	19217	13438
16	A	4822	2966
17	C	10132	18389
18	A	15718	10921
19	A	12291	9012
20	A	26612	13679
21	A	23924	11719
22	T	27156	42351
23	A	26582	17781
24	A	25458	15078
25	A	25470	15331
26	A	12027	8289
27	A	2094	986
28	G	3894	2798
29	G	5353	3296
30	A	5203	4072
31	G	5044	9720
32	T	259	911
33	C	392	1776
34	G	1636	5076
35	C	2196	3634
36	T	1137	4002
37	C	7028	20742
38	A	167	543
39	C	285	725
40	G	3254	2066
41	C	1265	745
42	C	1997	2725
43	C	2228	2032
44	T	1039	1079
45	G	36812	13199
46	A	17195	6416
47	C	4348	2030
48	C	8092	7836
49	A	13981	8815
50	A	7706	3919
51	A	3844	2027
52	G	12814	9846
53	T	20127	14400
54	T	8482	5098
55	T	4699	4080
56	G	2578	5902
57	T	268	715
58	G	2904	7237
59	A	11573	18933
60	A	236	421
61	C	209	618
62	G	11890	21668
63	A	362	604
64	C	6408	11539
65	A	37807	15390
66	T	2192	1226
67	C	14776	29298
68	A	20932	10716
69	T	48184	23647
70	T	6932	2933
71	C	20069	34781
72	A	15881	7103
73	A	5330	3270
74	A	1211	598
75	G	9986	5538
76	A	6239	4985
77	A	13227	6421
78	A	10223	7073
79	A	6179	2873
80	A	7044	5432
81	A	19858	8514
82	A	2242	1456
83	C	10404	12814
84	A	2707	1832
85	C	2479	829
86	T	2268	2217
87	G	10444	1878
88	A	5043	963
89	G	9926	10275
90	T	5949	3031
91	T	1653	4693
92	G	5393	13075
93	T	4234	8154
94	T	7243	13812
95	T	17018	26539
96	T	12777	10973
97	T	38895	26204
98	A	25845	7000
99	T	11767	4929
100	A	32259	9403
101	A	23478	6988
102	T	1849	507
103	C	10936	7936
104	T	3866	2232
105	T	5040	3254
106	G	24372	5829
107	T	49750	27727
108	A	26494	6707
109	T	41672	58596
110	A	38201	16242
111	T	55257	11663
112	T	43373	8729
113	T	12640	5585
114	A	2798	639
115	G	75317	15761
116	A	33216	6893
117	T	62575	32080
118	A	67922	16831
119	T	50683	25352
120	T	35473	9938
121	A	30572	4136
122	A	108111	22565
123	A	2941	518
124	C	1234	370
125	G	41269	6569
126	A	7135	1454
127	C	850	143
128	C	0	0
129	G	0	0
130	A	0	0
131	T	0	0
132	C	0	0
133	C	0	0
134	G	0	0
135	C	0	0
136	T	0	0
137	T	0	0
138	C	0	0
139	G	0	0
140	G	0	0
141	C	0	0
142	G	0	0
143	G	68	263
144	A	38	156
145	T	5	9
146	C	4	24
147	C	26	13
148	A	26	16
149	G	540	121
150	A	198	38
151	T	79	61
152	A	24	6
153	A	200	179
154	A	509	375
155	T	205	269
156	C	0	0
157	G	0	0
158	G	0	1
159	G	1	1
160	C	6	3
161	T	15	23
162	T	0	0
163	C	0	0
164	G	1	0
165	G	2	2
166	T	0	1
167	C	0	0
168	C	0	0
169	G	0	0
170	G	0	0
171	T	0	0
172	T	0	0
